20090005
200a0003
200b0002
00000000
00000000
00094020
00000000
01094020
00000000
00000000
ac080000
00000000
00000000
00094020
01094020
00000000
00000000
ac080004
00000000
00000000
000a4020
010b4020
01094020
00000000
00000000
ac080008
00000000
00000000
20080006
21080004
00000000
00000000
ac08000c
00000000
00000000
20080064
00000000
00000000
ac080010
00000000
00000000
200800c8
8c080010
2108009b
ac080010
00000000
00000000
20080008
21080008
8d090000
21290001
ac090014
00000000
00000000
20000064
20080032
ac080018
